VERSION 1.0
BOX -7.5000 -7.5000 7.5000 7.5000
POLYGON
 RING
  LINE
   -6.5000 4.7500
   -6.4964 4.8235
   -6.4856 4.8963
   -6.4677 4.9677
   -6.4429 5.0370
   -6.4114 5.1035
   -6.3736 5.1667
   -6.3298 5.2258
   -6.2803 5.2803
   -6.2258 5.3298
   -6.1667 5.3736
   -6.1035 5.4114
   -6.0370 5.4429
   -5.9677 5.4677
   -5.8963 5.4856
   -5.8235 5.4964
   -5.7500 5.5000
   -4.6360 5.5000
   -4.6135 5.4997
   -4.5910 5.4987
   -4.5686 5.4970
   -4.5463 5.4947
   -4.5240 5.4917
   -4.5019 5.4880
   -4.4799 5.4837
   -4.4581 5.4787
   -4.4365 5.4730
   -4.4151 5.4667
   -4.3939 5.4597
   -4.3730 5.4520
   -0.9870 4.1820
   -0.9346 4.1601
   -0.8840 4.1343
   -0.8355 4.1047
   -0.7894 4.0715
   -0.7459 4.0350
   -0.7053 3.9952
   -0.6679 3.9525
   -0.6338 3.9071
   -0.6032 3.8593
   -0.5763 3.8092
   -0.5533 3.7573
   -0.5343 3.7038
   -0.5194 3.6490
   -0.5086 3.5932
   -0.5022 3.5368
   -0.5000 3.4800
   -0.5000 -2.4800
   -0.5022 -2.5368
   -0.5086 -2.5932
   -0.5194 -2.6490
   -0.5343 -2.7038
   -0.5533 -2.7573
   -0.5763 -2.8092
   -0.6032 -2.8593
   -0.6338 -2.9071
   -0.6679 -2.9525
   -0.7053 -2.9952
   -0.7459 -3.0350
   -0.7894 -3.0715
   -0.8355 -3.1047
   -0.8840 -3.1343
   -0.9346 -3.1601
   -0.9870 -3.1820
   -4.5000 -4.5000
   -4.5000 -4.7500
   -4.5036 -4.8235
   -4.5144 -4.8963
   -4.5323 -4.9677
   -4.5571 -5.0370
   -4.5886 -5.1035
   -4.6264 -5.1667
   -4.6702 -5.2258
   -4.7197 -5.2803
   -4.7742 -5.3298
   -4.8333 -5.3736
   -4.8965 -5.4114
   -4.9630 -5.4429
   -5.0323 -5.4677
   -5.1037 -5.4856
   -5.1765 -5.4964
   -5.2500 -5.5000
   -5.7500 -5.5000
   -5.8235 -5.4964
   -5.8963 -5.4856
   -5.9677 -5.4677
   -6.0370 -5.4429
   -6.1035 -5.4114
   -6.1667 -5.3736
   -6.2258 -5.3298
   -6.2803 -5.2803
   -6.3298 -5.2258
   -6.3736 -5.1667
   -6.4114 -5.1035
   -6.4429 -5.0370
   -6.4677 -4.9677
   -6.4856 -4.8963
   -6.4964 -4.8235
   -6.5000 -4.7500
   -6.5000 4.7500
  END
 END
 RING
  LINE
   -3.5000 -0.9860
   -3.5000 3.8840
   -3.5007 3.9029
   -3.5029 3.9217
   -3.5064 3.9403
   -3.5114 3.9585
   -3.5177 3.9764
   -3.5253 3.9937
   -3.5343 4.0104
   -3.5445 4.0263
   -3.5558 4.0414
   -3.5683 4.0557
   -3.5818 4.0689
   -3.5962 4.0811
   -3.6116 4.0922
   -3.6277 4.1021
   -3.6446 4.1107
   -3.6620 4.1180
   -4.1620 4.3050
   -4.1908 4.3139
   -4.2205 4.3192
   -4.2506 4.3210
   -4.2807 4.3191
   -4.3103 4.3136
   -4.3391 4.3046
   -4.3665 4.2922
   -4.3923 4.2765
   -4.4160 4.2579
   -4.4373 4.2366
   -4.4559 4.2128
   -4.4714 4.1870
   -4.4838 4.1595
   -4.4928 4.1307
   -4.4982 4.1011
   -4.5000 4.0710
   -4.5000 -1.1530
   -4.4966 -1.1944
   -4.4869 -1.2333
   -4.4714 -1.2693
   -4.4507 -1.3020
   -4.4254 -1.3309
   -4.3961 -1.3555
   -4.3635 -1.3755
   -4.3280 -1.3903
   -4.2903 -1.3997
   -4.2510 -1.4030
   -4.2107 -1.3999
   -4.1700 -1.3900
   -3.6700 -1.2240
   -3.6518 -1.2170
   -3.6341 -1.2087
   -3.6172 -1.1990
   -3.6011 -1.1879
   -3.5859 -1.1757
   -3.5716 -1.1623
   -3.5585 -1.1479
   -3.5466 -1.1325
   -3.5358 -1.1161
   -3.5264 -1.0990
   -3.5184 -1.0813
   -3.5117 -1.0629
   -3.5066 -1.0441
   -3.5029 -1.0249
   -3.5007 -1.0055
   -3.5000 -0.9860
  END
 END
 RING
  LINE
   -2.5000 3.3200
   -2.5000 -0.4870
   -2.4984 -0.5166
   -2.4932 -0.5459
   -2.4847 -0.5743
   -2.4728 -0.6015
   -2.4578 -0.6271
   -2.4399 -0.6508
   -2.4192 -0.6721
   -2.3962 -0.6909
   -2.3712 -0.7068
   -2.3444 -0.7196
   -2.3163 -0.7292
   -2.2872 -0.7354
   -2.2577 -0.7380
   -2.2280 -0.7372
   -2.1986 -0.7328
   -2.1700 -0.7250
   -1.6700 -0.5580
   -1.6518 -0.5510
   -1.6341 -0.5427
   -1.6172 -0.5330
   -1.6011 -0.5219
   -1.5859 -0.5097
   -1.5716 -0.4963
   -1.5585 -0.4819
   -1.5466 -0.4665
   -1.5358 -0.4501
   -1.5264 -0.4330
   -1.5184 -0.4153
   -1.5117 -0.3969
   -1.5066 -0.3781
   -1.5029 -0.3589
   -1.5007 -0.3395
   -1.5000 -0.3200
   -1.5000 3.1340
   -1.5007 3.1529
   -1.5029 3.1717
   -1.5064 3.1903
   -1.5114 3.2085
   -1.5177 3.2264
   -1.5253 3.2437
   -1.5343 3.2604
   -1.5445 3.2763
   -1.5558 3.2914
   -1.5683 3.3057
   -1.5818 3.3189
   -1.5962 3.3311
   -1.6116 3.3422
   -1.6277 3.3521
   -1.6446 3.3607
   -1.6620 3.3680
   -2.1620 3.5550
   -2.1908 3.5639
   -2.2205 3.5692
   -2.2506 3.5710
   -2.2807 3.5691
   -2.3103 3.5636
   -2.3391 3.5546
   -2.3665 3.5422
   -2.3923 3.5265
   -2.4160 3.5079
   -2.4373 3.4866
   -2.4559 3.4628
   -2.4714 3.4370
   -2.4838 3.4095
   -2.4928 3.3807
   -2.4982 3.3511
   -2.5000 3.3210
  END
 END
 RING
  LINE
   6.5000 4.7500
   6.4964 4.8235
   6.4856 4.8963
   6.4677 4.9677
   6.4429 5.0370
   6.4114 5.1035
   6.3736 5.1667
   6.3298 5.2258
   6.2803 5.2803
   6.2258 5.3298
   6.1667 5.3736
   6.1035 5.4114
   6.0370 5.4429
   5.9677 5.4677
   5.8963 5.4856
   5.8235 5.4964
   5.7500 5.5000
   4.6360 5.5000
   4.6192 5.4998
   4.6024 5.4992
   4.5856 5.4982
   4.5689 5.4969
   4.5522 5.4952
   4.5355 5.4931
   4.5189 5.4906
   4.5023 5.4878
   4.4859 5.4846
   4.4694 5.4810
   4.4531 5.4771
   4.4369 5.4728
   4.4207 5.4681
   4.4047 5.4631
   4.3888 5.4577
   4.3730 5.4520
   0.9870 4.1820
   0.9346 4.1601
   0.8840 4.1343
   0.8355 4.1047
   0.7894 4.0715
   0.7459 4.0350
   0.7053 3.9952
   0.6679 3.9525
   0.6338 3.9071
   0.6032 3.8593
   0.5763 3.8092
   0.5533 3.7573
   0.5343 3.7038
   0.5194 3.6490
   0.5086 3.5932
   0.5022 3.5368
   0.5000 3.4800
   0.5000 -2.4800
   0.5022 -2.5368
   0.5086 -2.5932
   0.5194 -2.6490
   0.5343 -2.7038
   0.5533 -2.7573
   0.5763 -2.8092
   0.6032 -2.8593
   0.6338 -2.9071
   0.6679 -2.9525
   0.7053 -2.9952
   0.7459 -3.0350
   0.7894 -3.0715
   0.8355 -3.1047
   0.8840 -3.1343
   0.9346 -3.1601
   0.9870 -3.1820
   4.5000 -4.5000
   4.5000 -4.7500
   4.5069 -4.8517
   4.5268 -4.9493
   4.5590 -5.0418
   4.6024 -5.1284
   4.6563 -5.2082
   4.7198 -5.2802
   4.7918 -5.3437
   4.8716 -5.3976
   4.9582 -5.4410
   5.0507 -5.4732
   5.1483 -5.4931
   5.2500 -5.5000
   5.7500 -5.5000
   5.8235 -5.4964
   5.8963 -5.4856
   5.9677 -5.4677
   6.0370 -5.4429
   6.1035 -5.4114
   6.1667 -5.3736
   6.2258 -5.3298
   6.2803 -5.2803
   6.3298 -5.2258
   6.3736 -5.1667
   6.4114 -5.1035
   6.4429 -5.0370
   6.4677 -4.9677
   6.4856 -4.8963
   6.4964 -4.8235
   6.5000 -4.7500
   6.5000 4.7500
  END
 END
 RING
  LINE
   3.6700 -1.2240
   3.6518 -1.2170
   3.6341 -1.2087
   3.6172 -1.1990
   3.6011 -1.1879
   3.5859 -1.1757
   3.5716 -1.1623
   3.5585 -1.1479
   3.5466 -1.1325
   3.5358 -1.1161
   3.5264 -1.0990
   3.5184 -1.0813
   3.5117 -1.0629
   3.5066 -1.0441
   3.5029 -1.0249
   3.5007 -1.0055
   3.5000 -0.9860
   3.5000 3.8840
   3.5007 3.9029
   3.5029 3.9217
   3.5064 3.9403
   3.5114 3.9585
   3.5177 3.9764
   3.5253 3.9937
   3.5343 4.0104
   3.5445 4.0263
   3.5558 4.0414
   3.5683 4.0557
   3.5818 4.0689
   3.5962 4.0811
   3.6116 4.0922
   3.6277 4.1021
   3.6446 4.1107
   3.6620 4.1180
   4.1620 4.3050
   4.1908 4.3139
   4.2205 4.3192
   4.2506 4.3210
   4.2807 4.3191
   4.3103 4.3136
   4.3391 4.3046
   4.3665 4.2922
   4.3923 4.2765
   4.4160 4.2579
   4.4373 4.2366
   4.4559 4.2128
   4.4714 4.1870
   4.4838 4.1595
   4.4928 4.1307
   4.4982 4.1011
   4.5000 4.0710
   4.5000 -1.1530
   4.4983 -1.1826
   4.4930 -1.2117
   4.4844 -1.2401
   4.4725 -1.2672
   4.4574 -1.2927
   4.4395 -1.3163
   4.4188 -1.3375
   4.3958 -1.3562
   4.3708 -1.3720
   4.3440 -1.3848
   4.3160 -1.3943
   4.2870 -1.4004
   4.2575 -1.4030
   4.2279 -1.4022
   4.1986 -1.3978
   4.1700 -1.3900
   3.6700 -1.2240
  END
 END
 RING
  LINE
   2.5000 3.3210
   2.5000 -0.4860
   2.4984 -0.5156
   2.4932 -0.5449
   2.4847 -0.5733
   2.4728 -0.6005
   2.4578 -0.6261
   2.4399 -0.6498
   2.4192 -0.6711
   2.3962 -0.6899
   2.3712 -0.7058
   2.3444 -0.7186
   2.3163 -0.7282
   2.2872 -0.7344
   2.2577 -0.7370
   2.2280 -0.7362
   2.1986 -0.7318
   2.1700 -0.7240
   1.6700 -0.5570
   1.6518 -0.5501
   1.6342 -0.5417
   1.6174 -0.5321
   1.6013 -0.5211
   1.5861 -0.5089
   1.5719 -0.4956
   1.5588 -0.4812
   1.5469 -0.4659
   1.5361 -0.4496
   1.5267 -0.4326
   1.5186 -0.4149
   1.5120 -0.3966
   1.5068 -0.3779
   1.5030 -0.3588
   1.5007 -0.3394
   1.5000 -0.3200
   1.5000 3.1340
   1.5007 3.1529
   1.5029 3.1717
   1.5064 3.1903
   1.5114 3.2085
   1.5177 3.2264
   1.5253 3.2437
   1.5343 3.2604
   1.5445 3.2763
   1.5558 3.2914
   1.5683 3.3057
   1.5818 3.3189
   1.5962 3.3311
   1.6116 3.3422
   1.6277 3.3521
   1.6446 3.3607
   1.6620 3.3680
   2.1620 3.5550
   2.1908 3.5639
   2.2205 3.5692
   2.2506 3.5710
   2.2807 3.5691
   2.3103 3.5636
   2.3391 3.5546
   2.3665 3.5422
   2.3923 3.5265
   2.4160 3.5079
   2.4373 3.4866
   2.4559 3.4628
   2.4714 3.4370
   2.4838 3.4095
   2.4928 3.3807
   2.4982 3.3511
   2.5000 3.3210
  END
 END
END
