VERSION 1.0
BOX -7.5000 -7.5000 7.5000 7.5000
POLYGON
 RING
  LINE
   -7.5000 0.6580
   -7.5000 -3.5000
   -5.5000 -3.5000
   -5.5000 -2.5000
   -5.4739 -2.2326
   -5.4150 -1.9762
   -5.3255 -1.7331
   -5.2075 -1.5055
   -5.0632 -1.2954
   -4.8949 -1.1051
   -4.7046 -0.9368
   -4.4945 -0.7925
   -4.2669 -0.6746
   -4.0238 -0.5850
   -3.7674 -0.5261
   -3.5000 -0.5000
   -3.2326 -0.5261
   -2.9762 -0.5850
   -2.7331 -0.6746
   -2.5055 -0.7925
   -2.2954 -0.9368
   -2.1051 -1.1051
   -1.9368 -1.2954
   -1.7925 -1.5055
   -1.6745 -1.7331
   -1.5850 -1.9762
   -1.5261 -2.2326
   -1.5000 -2.5000
   -1.5000 -3.5000
   1.5000 -3.5000
   1.5000 -2.5000
   1.5261 -2.2326
   1.5850 -1.9762
   1.6745 -1.7331
   1.7925 -1.5055
   1.9368 -1.2954
   2.1051 -1.1051
   2.2954 -0.9368
   2.5055 -0.7925
   2.7331 -0.6746
   2.9762 -0.5850
   3.2326 -0.5261
   3.5000 -0.5000
   3.7674 -0.5261
   4.0238 -0.5850
   4.2669 -0.6746
   4.4945 -0.7925
   4.7046 -0.9368
   4.8949 -1.1051
   5.0632 -1.2954
   5.2075 -1.5055
   5.3255 -1.7331
   5.4150 -1.9762
   5.4739 -2.2326
   5.5000 -2.5000
   5.5000 -3.5000
   7.5000 -3.5000
   7.5000 0.6580
   6.3392 1.9528
   5.0744 2.9665
   3.7319 3.7126
   2.3380 4.2051
   0.9191 4.4576
   -0.4984 4.4837
   -1.8882 4.2974
   -3.2240 3.9122
   -4.4794 3.3420
   -5.6281 2.6004
   -6.6438 1.7011
   -7.5000 0.6580
  END
 END
 RING
  LINE
   2.0000 3.7660
   2.1282 3.7348
   2.2560 3.7016
   2.3832 3.6665
   2.5098 3.6295
   2.6358 3.5906
   2.7613 3.5497
   2.8861 3.5071
   3.0102 3.4625
   3.1337 3.4161
   3.2565 3.3679
   3.3786 3.3178
   3.5000 3.2660
   3.5000 0.5000
   2.0000 0.5000
  END
 END
 RING
  LINE
   1.5000 3.8660
   1.5000 0.5000
   0.0000 0.5000
   0.0000 3.9940
   0.1257 3.9931
   0.2514 3.9904
   0.3770 3.9859
   0.5024 3.9797
   0.6278 3.9717
   0.7530 3.9619
   0.8780 3.9503
   1.0029 3.9370
   1.1275 3.9218
   1.2519 3.9050
   1.3761 3.8864
   1.5000 3.8660
  END
 END
 RING
  LINE
   -4.0000 3.0230
   -3.8795 3.0841
   -3.7582 3.1432
   -3.6360 3.2005
   -3.5129 3.2559
   -3.3890 3.3093
   -3.2642 3.3609
   -3.1387 3.4105
   -3.0124 3.4581
   -2.8854 3.5038
   -2.7576 3.5475
   -2.6292 3.5892
   -2.5000 3.6290
   -2.5000 0.5000
   -4.0000 0.5000
  END
 END
 RING
  LINE
   -2.0000 0.5000
   -2.0000 3.7700
   -1.8766 3.7978
   -1.7528 3.8239
   -1.6287 3.8482
   -1.5042 3.8706
   -1.3795 3.8913
   -1.2545 3.9101
   -1.1293 3.9271
   -1.0038 3.9424
   -0.8781 3.9558
   -0.7522 3.9673
   -0.6262 3.9771
   -0.5000 3.9850
   -0.5000 0.5000
  END
 END
 RING
  LINE
   -4.5000 2.7560
   -4.5000 0.5000
   -7.0000 0.5000
   -6.8273 0.7235
   -6.6473 0.9411
   -6.4603 1.1526
   -6.2665 1.3578
   -6.0662 1.5565
   -5.8595 1.7487
   -5.6467 1.9342
   -5.4281 2.1129
   -5.2039 2.2845
   -4.9744 2.4490
   -4.7396 2.6062
   -4.5000 2.7560
  END
 END
 RING
  LINE
   4.0000 0.5000
   4.0000 3.0000
   3.9470 3.0530
   4.2442 2.8966
   4.5345 2.7292
   4.8178 2.5510
   5.0936 2.3622
   5.3618 2.1631
   5.6220 1.9539
   5.8740 1.7348
   6.1174 1.5061
   6.3520 1.2680
   6.5775 1.0208
   6.7936 0.7647
   7.0000 0.5000
  END
 END
END
