VERSION 1.0
BOX -7.5000 -7.5000 7.5000 7.5000
POLYGON
 RING
  LINE
   0.0000 -6.5000
   0.8820 -6.4407
   1.7280 -6.2678
   2.5301 -5.9892
   3.2807 -5.6126
   3.9720 -5.1457
   4.5962 -4.5962
   5.1457 -3.9720
   5.6126 -3.2807
   5.9892 -2.5301
   6.2678 -1.7280
   6.4407 -0.8820
   6.5000 0.0000
   6.4407 0.8820
   6.2678 1.7280
   5.9892 2.5301
   5.6126 3.2807
   5.1457 3.9720
   4.5962 4.5962
   3.9720 5.1456
   3.2807 5.6126
   2.5301 5.9892
   1.7280 6.2678
   0.8820 6.4407
   0.0000 6.5000
   -0.8820 6.4407
   -1.7280 6.2678
   -2.5301 5.9892
   -3.2807 5.6126
   -3.9720 5.1456
   -4.5962 4.5962
   -5.1456 3.9720
   -5.6126 3.2807
   -5.9892 2.5301
   -6.2678 1.7280
   -6.4407 0.8820
   -6.5000 0.0000
   -6.4407 -0.8820
   -6.2678 -1.7280
   -5.9892 -2.5301
   -5.6126 -3.2807
   -5.1456 -3.9720
   -4.5962 -4.5962
   -3.9720 -5.1457
   -3.2807 -5.6126
   -2.5301 -5.9892
   -1.7280 -6.2678
   -0.8820 -6.4407
   0.0000 -6.5000
  END
 END
 RING
  LINE
   4.5000 1.5000
   4.5000 -1.5000
   -4.5000 -1.5000
   -4.5000 1.5000
   4.5000 1.5000
  END
 END
END
