VERSION 1.0
BOX -7.5000 -7.5000 7.5000 7.5000
POLYGON
 RING
  LINE
   7.5000 0.6818
   7.5000 -1.0000
   1.0000 0.0000
   0.6818 -4.7727
   3.5000 -6.5000
   3.5000 -7.5000
   0.0000 -6.8182
   -3.5000 -7.5000
   -3.5000 -6.5000
   -0.6818 -4.7727
   -1.0000 0.0000
   -7.5000 -1.0000
   -7.5000 0.6818
   -1.0000 3.0000
   -1.0000 6.0000
   -0.9994 6.0295
   -0.9954 6.1111
   -0.9844 6.2344
   -0.9630 6.3889
   -0.9277 6.5642
   -0.8750 6.7500
   -0.8015 6.9358
   -0.7037 7.1111
   -0.5781 7.2656
   -0.4213 7.3889
   -0.2297 7.4705
   0.0000 7.5000
   0.2297 7.4705
   0.4213 7.3889
   0.5781 7.2656
   0.7037 7.1111
   0.8015 6.9358
   0.8750 6.7500
   0.9277 6.5642
   0.9630 6.3889
   0.9844 6.2344
   0.9954 6.1111
   0.9994 6.0295
   1.0000 6.0000
   1.0000 3.1818
   7.5000 0.6818
  END
 END
END
