VERSION 1.0
BOX -7.5000 -7.5000 7.5000 7.5000
POLYGON
 RING
  LINE
   4.3545 1.0664
   3.9414 1.3477
   4.1124 1.6189
   4.2648 1.9010
   4.3978 2.1926
   4.5109 2.4926
   4.6036 2.7995
   4.6754 3.1120
   4.7261 3.4286
   4.7553 3.7478
   4.7630 4.0683
   4.7491 4.3886
   4.7136 4.7073
   4.6568 5.0228
   4.5790 5.3338
   4.4803 5.6388
   4.3614 5.9366
   4.2227 6.2256
   4.1392 6.3789
   4.5747 6.6250
   4.6655 6.4580
   4.8189 6.1385
   4.9504 5.8095
   5.0595 5.4723
   5.1456 5.1285
   5.2084 4.7798
   5.2476 4.4276
   5.2629 4.0735
   5.2545 3.7193
   5.2222 3.3664
   5.1662 3.0164
   5.0867 2.6711
   4.9843 2.3318
   4.8592 2.0003
   4.7121 1.6779
   4.5436 1.3661
   4.3545 1.0664
  END
 END
 RING
  LINE
   5.5066 -6.0652
   5.5066 -6.5000
   -5.4934 -6.5000
   -5.4934 -6.0652
   -3.0048 -6.0652
   -1.4561 1.1000
   -1.4454 1.1411
   -1.4312 1.1811
   -1.4138 1.2197
   -1.3930 1.2568
   -1.3693 1.2919
   -1.3426 1.3249
   -1.3132 1.3556
   -1.2814 1.3836
   -1.2473 1.4088
   -1.2111 1.4311
   -1.1732 1.4502
   -1.1338 1.4660
   -1.0933 1.4784
   -1.0518 1.4873
   -1.0097 1.4927
   -0.9673 1.4945
   -0.2418 1.4945
   -0.2418 2.8986
   -0.3335 2.9239
   -0.4227 2.9568
   -0.5089 2.9970
   -0.5914 3.0442
   -0.6697 3.0981
   -0.7433 3.1584
   -0.8115 3.2246
   -0.8740 3.2963
   -0.9304 3.3729
   -0.9801 3.4540
   -1.0229 3.5389
   -1.0585 3.6271
   -1.0866 3.7179
   -1.1070 3.8108
   -1.1197 3.9050
   -1.1244 4.0000
   -1.1022 4.2257
   -1.0363 4.4427
   -0.9294 4.6427
   -0.7856 4.8180
   -0.6103 4.9618
   -0.4103 5.0687
   -0.1933 5.1346
   0.0324 5.1568
   0.2581 5.1346
   0.4751 5.0687
   0.6751 4.9618
   0.8504 4.8180
   0.9942 4.6427
   1.1011 4.4427
   1.1670 4.2257
   1.1892 4.0000
   1.1842 3.9020
   1.1707 3.8047
   1.1489 3.7090
   1.1190 3.6155
   1.0811 3.5250
   1.0356 3.4380
   0.9828 3.3552
   0.9231 3.2774
   0.8569 3.2049
   0.7846 3.1384
   0.7070 3.0784
   0.6244 3.0252
   0.5376 2.9794
   0.4472 2.9412
   0.3538 2.9109
   0.2582 2.8888
   0.2582 1.4941
   0.9805 1.4941
   1.0229 1.4923
   1.0649 1.4869
   1.1064 1.4780
   1.1469 1.4656
   1.1863 1.4498
   1.2242 1.4307
   1.2603 1.4085
   1.2944 1.3833
   1.3263 1.3553
   1.3556 1.3247
   1.3823 1.2917
   1.4061 1.2566
   1.4268 1.2196
   1.4443 1.1810
   1.4585 1.1410
   1.4692 1.1000
   3.0170 -6.0648
  END
 END
 RING
  LINE
   0.9543 -1.2510
   -0.9412 -1.2510
   -1.2640 -2.7441
   1.2770 -2.7441
  END
 END
 RING
  LINE
   -1.3721 -3.2441
   -1.6954 -4.7393
   1.7082 -4.7393
   1.3851 -3.2441
  END
 END
 RING
  LINE
   -0.5640 0.4941
   -0.8331 -0.7510
   0.8463 -0.7510
   0.5771 0.4941
  END
 END
 RING
  LINE
   -1.9821 -6.0652
   1.9948 -6.0652
   1.8162 -5.2393
   -1.8038 -5.2393
  END
 END
 RING
  LINE
   -2.2900 2.4863
   -2.3949 2.6591
   -2.4868 2.8391
   -2.5653 3.0254
   -2.6299 3.2169
   -2.6803 3.4127
   -2.7161 3.6116
   -2.7373 3.8126
   -2.7437 4.0146
   -2.7352 4.2166
   -2.7119 4.4174
   -2.6739 4.6159
   -2.6215 4.8111
   -2.5549 5.0020
   -2.4745 5.1874
   -2.3806 5.3664
   -2.2739 5.5381
   -2.6880 5.8174
   -2.8142 5.6146
   -2.9252 5.4030
   -3.0204 5.1839
   -3.0992 4.9584
   -3.1612 4.7277
   -3.2061 4.4930
   -3.2336 4.2557
   -3.2437 4.0170
   -3.2361 3.7782
   -3.2111 3.5407
   -3.1687 3.3056
   -3.1091 3.0742
   -3.0327 2.8479
   -2.9398 2.6278
   -2.8311 2.4150
   -2.7070 2.2109
  END
 END
 RING
  LINE
   3.2568 4.0000
   3.2548 4.1182
   3.2484 4.2362
   3.2378 4.3539
   3.2229 4.4711
   3.2037 4.5877
   3.1803 4.7035
   3.1526 4.8184
   3.1208 4.9323
   3.0849 5.0448
   3.0449 5.1560
   3.0009 5.2657
   2.9529 5.3737
   2.9011 5.4799
   2.8453 5.5841
   2.7859 5.6862
   2.7227 5.7861
   2.3047 5.5107
   2.4093 5.3380
   2.5010 5.1581
   2.5792 4.9720
   2.6436 4.7806
   2.6938 4.5850
   2.7295 4.3863
   2.7505 4.1855
   2.7567 3.9836
   2.7482 3.7819
   2.7248 3.5813
   2.6868 3.3830
   2.6344 3.1881
   2.5678 2.9974
   2.4875 2.8122
   2.3937 2.6334
   2.2871 2.4619
   2.7012 2.1826
   2.7669 2.2837
   2.8288 2.3871
   2.8867 2.4928
   2.9407 2.6006
   2.9907 2.7103
   3.0365 2.8218
   3.0781 2.9350
   3.1155 3.0496
   3.1486 3.1655
   3.1773 3.2826
   3.2017 3.4006
   3.2216 3.5195
   3.2371 3.6391
   3.2482 3.7591
   3.2547 3.8795
   3.2568 4.0000
  END
 END
 RING
  LINE
   -3.9658 1.3818
   -4.1367 1.6620
   -4.2878 1.9534
   -4.4185 2.2545
   -4.5282 2.5638
   -4.6164 2.8800
   -4.6825 3.2015
   -4.7264 3.5267
   -4.7477 3.8543
   -4.7465 4.1825
   -4.7226 4.5099
   -4.6763 4.8348
   -4.6077 5.1558
   -4.5172 5.4713
   -4.4051 5.7798
   -4.2721 6.0798
   -4.1187 6.3700
   -4.5522 6.6200
   -4.7218 6.2992
   -4.8688 5.9676
   -4.9927 5.6266
   -5.0928 5.2778
   -5.1686 4.9230
   -5.2198 4.5638
   -5.2462 4.2020
   -5.2475 3.8392
   -5.2239 3.4771
   -5.1754 3.1176
   -5.1022 2.7622
   -5.0047 2.4128
   -4.8834 2.0708
   -4.7389 1.7381
   -4.5717 1.4160
   -4.3828 1.1063
  END
 END
END
