VERSION 1.0
BOX -7.5000 -7.5000 7.5000 7.5000
POLYGON
 RING
  LINE
   -2.1700 -3.5000
   -2.0019 -3.5070
   -1.8351 -3.5232
   -1.6700 -3.5487
   -1.5070 -3.5833
   -1.3464 -3.6267
   -1.1885 -3.6790
   -1.0338 -3.7399
   -0.8825 -3.8094
   -0.7352 -3.8873
   -0.5921 -3.9734
   -0.4536 -4.0677
   -0.3200 -4.1700
   -0.0600 -4.4000
   -0.0100 -4.4000
   0.3000 -4.1200
   0.5536 -3.9325
   0.8220 -3.7760
   1.1025 -3.6504
   1.3924 -3.5561
   1.6892 -3.4931
   1.9903 -3.4615
   2.2930 -3.4615
   2.5947 -3.4932
   2.8929 -3.5568
   3.1850 -3.6523
   3.4682 -3.7800
   3.7400 -3.9400
   6.0000 0.5000
   4.5000 1.5000
   4.5000 5.0500
   4.4760 5.2462
   4.4283 5.4338
   4.3586 5.6113
   4.2684 5.7771
   4.1593 5.9298
   4.0329 6.0677
   3.8908 6.1893
   3.7346 6.2932
   3.5658 6.3777
   3.3860 6.4414
   3.1969 6.4827
   3.0000 6.5000
   2.5000 6.5000
   2.4999 6.6278
   2.4830 6.7516
   2.4505 6.8700
   2.4033 6.9819
   2.3425 7.0861
   2.2692 7.1814
   2.1843 7.2666
   2.0890 7.3406
   1.9843 7.4021
   1.8712 7.4500
   1.7508 7.4830
   1.6241 7.5000
   1.6138 7.5006
   1.6034 7.5011
   1.5931 7.5015
   1.5827 7.5018
   1.5724 7.5020
   1.5620 7.5020
   1.5517 7.5020
   1.5414 7.5018
   1.5310 7.5015
   1.5207 7.5011
   1.5103 7.5006
   1.5000 7.5000
   -1.5000 7.5000
   -1.6278 7.4999
   -1.7516 7.4830
   -1.8700 7.4505
   -1.9819 7.4033
   -2.0861 7.3425
   -2.1814 7.2692
   -2.2666 7.1843
   -2.3406 7.0890
   -2.4021 6.9843
   -2.4500 6.8712
   -2.4830 6.7508
   -2.5000 6.6241
   -2.5006 6.6138
   -2.5011 6.6034
   -2.5015 6.5931
   -2.5018 6.5827
   -2.5020 6.5724
   -2.5020 6.5621
   -2.5020 6.5517
   -2.5018 6.5414
   -2.5015 6.5310
   -2.5011 6.5207
   -2.5006 6.5103
   -2.5000 6.5000
   -3.0000 6.5000
   -3.1969 6.4827
   -3.3860 6.4414
   -3.5658 6.3777
   -3.7346 6.2932
   -3.8908 6.1893
   -4.0329 6.0677
   -4.1593 5.9298
   -4.2684 5.7771
   -4.3586 5.6113
   -4.4283 5.4338
   -4.4760 5.2462
   -4.5000 5.0500
   -4.5000 1.5000
   -6.0000 0.5000
   -3.7500 -4.0300
   -3.6322 -3.9515
   -3.5111 -3.8790
   -3.3870 -3.8125
   -3.2600 -3.7522
   -3.1304 -3.6981
   -2.9985 -3.6503
   -2.8644 -3.6089
   -2.7284 -3.5739
   -2.5907 -3.5454
   -2.4516 -3.5236
   -2.3113 -3.5084
   -2.1700 -3.5000
  END
 END
 RING
  LINE
   -3.5000 5.0500
   -3.4931 5.1136
   -3.4782 5.1742
   -3.4557 5.2313
   -3.4263 5.2844
   -3.3905 5.3330
   -3.3490 5.3765
   -3.3023 5.4144
   -3.2510 5.4461
   -3.1957 5.4711
   -3.1369 5.4889
   -3.0753 5.4989
   -3.0114 5.5006
   -3.0105 5.5006
   -3.0095 5.5005
   -3.0085 5.5004
   -3.0076 5.5004
   -3.0067 5.5004
   -3.0057 5.5003
   -3.0047 5.5002
   -3.0038 5.5002
   -3.0029 5.5001
   -3.0019 5.5001
   -3.0009 5.5000
   -3.0000 5.5000
   3.0000 5.5000
   3.0639 5.4999
   3.1258 5.4915
   3.1850 5.4752
   3.2409 5.4516
   3.2930 5.4212
   3.3407 5.3846
   3.3833 5.3422
   3.4203 5.2945
   3.4511 5.2422
   3.4750 5.1857
   3.4915 5.1255
   3.5000 5.0621
   3.5003 5.0569
   3.5006 5.0518
   3.5008 5.0466
   3.5009 5.0414
   3.5010 5.0362
   3.5010 5.0311
   3.5010 5.0259
   3.5009 5.0207
   3.5008 5.0155
   3.5006 5.0103
   3.5003 5.0052
   3.5000 5.0000
   3.5000 2.0000
   0.0000 4.0000
   -3.5000 2.0500
   -3.5000 2.1090
   -3.5000 2.2722
   -3.5000 2.5187
   -3.5000 2.8278
   -3.5000 3.1785
   -3.5000 3.5500
   -3.5000 3.9215
   -3.5000 4.2722
   -3.5000 4.5812
   -3.5000 4.8278
   -3.5000 4.9910
   -3.5000 5.0500
  END
 END
 RING
  LINE
   6.5000 -5.5000
   6.5000 -6.5000
   6.4348 -6.5070
   6.3705 -6.5181
   6.3073 -6.5334
   6.2455 -6.5527
   6.1851 -6.5759
   6.1264 -6.6029
   6.0696 -6.6336
   6.0149 -6.6680
   5.9623 -6.7059
   5.9122 -6.7473
   5.8647 -6.7920
   5.8200 -6.8400
   5.7505 -6.9104
   5.6781 -6.9773
   5.6029 -7.0407
   5.5249 -7.1006
   5.4444 -7.1567
   5.3614 -7.2091
   5.2762 -7.2576
   5.1887 -7.3022
   5.0993 -7.3429
   5.0079 -7.3794
   4.9148 -7.4118
   4.8200 -7.4400
   4.6654 -7.4787
   4.5095 -7.5043
   4.3531 -7.5168
   4.1969 -7.5164
   4.0418 -7.5033
   3.8884 -7.4778
   3.7377 -7.4398
   3.5903 -7.3896
   3.4471 -7.3274
   3.3087 -7.2532
   3.1761 -7.1674
   3.0500 -7.0700
   2.6600 -6.7200
   2.5802 -6.6507
   2.4940 -6.5939
   2.4025 -6.5498
   2.3072 -6.5183
   2.2092 -6.4994
   2.1100 -6.4931
   2.0108 -6.4994
   1.9128 -6.5183
   1.8175 -6.5498
   1.7260 -6.5939
   1.6398 -6.6507
   1.5600 -6.7200
   1.5252 -6.7502
   1.4907 -6.7807
   1.4564 -6.8116
   1.4222 -6.8426
   1.3880 -6.8738
   1.3538 -6.9050
   1.3193 -6.9362
   1.2844 -6.9674
   1.2492 -6.9984
   1.2135 -7.0293
   1.1771 -7.0598
   1.1400 -7.0900
   0.9506 -7.2236
   0.7504 -7.3316
   0.5416 -7.4141
   0.3266 -7.4712
   0.1077 -7.5029
   -0.1128 -7.5093
   -0.3326 -7.4905
   -0.5494 -7.4465
   -0.7608 -7.3774
   -0.9646 -7.2832
   -1.1584 -7.1641
   -1.3400 -7.0200
   -1.7300 -6.6700
   -1.8044 -6.6127
   -1.8836 -6.5658
   -1.9668 -6.5293
   -2.0529 -6.5032
   -2.1410 -6.4876
   -2.2300 -6.4824
   -2.3190 -6.4876
   -2.4071 -6.5032
   -2.4932 -6.5293
   -2.5764 -6.5658
   -2.6556 -6.6127
   -2.7300 -6.6700
   -2.7771 -6.7079
   -2.8235 -6.7465
   -2.8694 -6.7856
   -2.9148 -6.8252
   -2.9600 -6.8650
   -3.0050 -6.9050
   -3.0500 -6.9450
   -3.0952 -6.9848
   -3.1406 -7.0244
   -3.1865 -7.0635
   -3.2329 -7.1021
   -3.2800 -7.1400
   -3.4613 -7.2590
   -3.6516 -7.3553
   -3.8491 -7.4289
   -4.0519 -7.4800
   -4.2579 -7.5084
   -4.4653 -7.5144
   -4.6721 -7.4978
   -4.8765 -7.4589
   -5.0763 -7.3976
   -5.2698 -7.3140
   -5.4550 -7.2081
   -5.6300 -7.0800
   -5.9400 -6.8100
   -5.9773 -6.7698
   -6.0166 -6.7319
   -6.0580 -6.6965
   -6.1012 -6.6637
   -6.1462 -6.6334
   -6.1928 -6.6058
   -6.2409 -6.5810
   -6.2904 -6.5589
   -6.3412 -6.5397
   -6.3932 -6.5235
   -6.4461 -6.5102
   -6.5000 -6.5000
   -6.5000 -5.5000
   -6.4353 -5.4937
   -6.3706 -5.4907
   -6.3060 -5.4911
   -6.2417 -5.4947
   -6.1777 -5.5017
   -6.1141 -5.5118
   -6.0512 -5.5253
   -5.9890 -5.5419
   -5.9277 -5.5617
   -5.8673 -5.5847
   -5.8080 -5.6108
   -5.7500 -5.6400
   -5.6807 -5.6835
   -5.6121 -5.7279
   -5.5440 -5.7732
   -5.4766 -5.8194
   -5.4097 -5.8664
   -5.3435 -5.9144
   -5.2780 -5.9632
   -5.2130 -6.0128
   -5.1488 -6.0634
   -5.0852 -6.1147
   -5.0222 -6.1669
   -4.9600 -6.2200
   -4.9066 -6.2732
   -4.8493 -6.3209
   -4.7884 -6.3631
   -4.7245 -6.3995
   -4.6578 -6.4301
   -4.5888 -6.4547
   -4.5180 -6.4732
   -4.4457 -6.4855
   -4.3723 -6.4915
   -4.2983 -6.4910
   -4.2241 -6.4838
   -4.1500 -6.4700
   -4.1220 -6.4612
   -4.0944 -6.4516
   -4.0671 -6.4411
   -4.0401 -6.4298
   -4.0136 -6.4176
   -3.9874 -6.4047
   -3.9617 -6.3909
   -3.9364 -6.3763
   -3.9116 -6.3609
   -3.8872 -6.3447
   -3.8633 -6.3277
   -3.8400 -6.3100
   -3.8006 -6.2796
   -3.7622 -6.2485
   -3.7247 -6.2167
   -3.6878 -6.1844
   -3.6513 -6.1518
   -3.6150 -6.1188
   -3.5787 -6.0855
   -3.5422 -6.0522
   -3.5053 -6.0189
   -3.4678 -5.9857
   -3.4294 -5.9527
   -3.3900 -5.9200
   -3.2061 -5.7851
   -3.0111 -5.6747
   -2.8073 -5.5888
   -2.5969 -5.5275
   -2.3821 -5.4907
   -2.1650 -5.4784
   -1.9479 -5.4907
   -1.7331 -5.5275
   -1.5227 -5.5888
   -1.3189 -5.6747
   -1.1239 -5.7851
   -0.9400 -5.9200
   -0.9002 -5.9529
   -0.8607 -5.9865
   -0.8216 -6.0206
   -0.7826 -6.0552
   -0.7438 -6.0900
   -0.7050 -6.1250
   -0.6662 -6.1600
   -0.6274 -6.1948
   -0.5884 -6.2294
   -0.5493 -6.2635
   -0.5098 -6.2971
   -0.4700 -6.3300
   -0.3956 -6.3873
   -0.3164 -6.4343
   -0.2332 -6.4707
   -0.1471 -6.4968
   -0.0590 -6.5124
   0.0300 -6.5176
   0.1190 -6.5124
   0.2071 -6.4968
   0.2932 -6.4707
   0.3764 -6.4343
   0.4556 -6.3873
   0.5300 -6.3300
   0.5698 -6.2971
   0.6093 -6.2635
   0.6484 -6.2294
   0.6874 -6.1948
   0.7262 -6.1600
   0.7650 -6.1250
   0.8038 -6.0900
   0.8426 -6.0552
   0.8816 -6.0206
   0.9207 -5.9865
   0.9602 -5.9529
   1.0000 -5.9200
   1.1844 -5.7838
   1.3801 -5.6724
   1.5847 -5.5857
   1.7961 -5.5238
   2.0119 -5.4867
   2.2300 -5.4743
   2.4481 -5.4867
   2.6639 -5.5238
   2.8753 -5.5857
   3.0799 -5.6724
   3.2756 -5.7838
   3.4600 -5.9200
   3.4973 -5.9527
   3.5343 -5.9857
   3.5709 -6.0189
   3.6074 -6.0522
   3.6437 -6.0855
   3.6800 -6.1188
   3.7163 -6.1518
   3.7526 -6.1844
   3.7891 -6.2167
   3.8257 -6.2485
   3.8627 -6.2796
   3.9000 -6.3100
   3.9744 -6.3673
   4.0536 -6.4143
   4.1368 -6.4507
   4.2229 -6.4768
   4.3110 -6.4924
   4.4000 -6.4977
   4.4890 -6.4924
   4.5771 -6.4768
   4.6632 -6.4507
   4.7464 -6.4143
   4.8256 -6.3673
   4.9000 -6.3100
   5.3700 -5.9000
   5.4515 -5.8377
   5.5361 -5.7803
   5.6235 -5.7281
   5.7135 -5.6810
   5.8060 -5.6391
   5.9005 -5.6026
   5.9970 -5.5715
   6.0952 -5.5459
   6.1948 -5.5258
   6.2956 -5.5115
   6.3974 -5.5028
   6.5000 -5.5000
  END
 END
END
