VERSION 1.0
BOX -7.5000 -7.5000 7.5000 7.5000
POLYGON
 RING
  LINE
   -0.6818 6.8182
   -2.7273 6.8182
   -2.8835 6.8316
   -3.0114 6.8687
   -3.1108 6.9247
   -3.1818 6.9950
   -3.2244 7.0747
   -3.2386 7.1591
   -3.2244 7.2435
   -3.1818 7.3232
   -3.1108 7.3935
   -3.0114 7.4495
   -2.8835 7.4866
   -2.7273 7.5000
   2.7272 7.5000
   2.8834 7.4866
   3.0113 7.4495
   3.1107 7.3935
   3.1817 7.3232
   3.2243 7.2435
   3.2385 7.1591
   3.2243 7.0747
   3.1817 6.9950
   3.1107 6.9247
   3.0113 6.8687
   2.8834 6.8316
   2.7272 6.8182
   0.6818 6.8182
   0.6979 6.8058
   0.7424 6.7681
   0.8096 6.7046
   0.8939 6.6145
   0.9896 6.4973
   1.0909 6.3523
   1.1922 6.1789
   1.2879 5.9765
   1.3722 5.7444
   1.4394 5.4819
   1.4839 5.1886
   1.5000 4.8637
   1.5000 3.5000
   7.5000 3.5000
   7.5000 1.5000
   1.5000 -0.5000
   1.0000 -5.5000
   3.5000 -6.8182
   3.5000 -7.5000
   -3.5000 -7.5000
   -3.5000 -6.8182
   -1.0000 -5.5000
   -1.5000 -0.5000
   -7.5000 1.5000
   -7.5000 3.5000
   -1.5000 3.5000
   -1.5000 4.8636
   -1.4839 5.1885
   -1.4394 5.4819
   -1.3722 5.7443
   -1.2879 5.9764
   -1.1922 6.1789
   -1.0909 6.3523
   -0.9896 6.4973
   -0.8939 6.6145
   -0.8096 6.7046
   -0.7424 6.7681
   -0.6979 6.8058
   -0.6818 6.8182
  END
 END
END
