VERSION 1.0
BOX -12.0000 -12.0000 12.0000 12.0000
STRING
 ARC 0.0000 7.0000 2.3000 360 0 C
END
STRING
 LINE
  0.0000 4.7000
  0.0000 -7.0000
 END
END
STRING
 LINE
  -6.0000 -1.0000
  6.0000 -1.0000
 END
END
STRING
 LINE
  -8.0000 -3.0000
  -7.8463 -4.5607
  -7.3910 -6.0615
  -6.6518 -7.4446
  -5.6569 -8.6569
  -4.4446 -9.6518
  -3.0615 -10.3910
  -1.5607 -10.8463
  0.0000 -11.0000
  1.5607 -10.8463
  3.0615 -10.3910
  4.4446 -9.6518
  5.6569 -8.6569
  6.6518 -7.4446
  7.3910 -6.0615
  7.8463 -4.5607
  8.0000 -3.0000
 END
END
