VERSION 1.0
BOX -7.5000 -7.5000 7.5000 7.5000
POLYGON
 RING
  LINE
   0.0000 7.5000
   -0.4890 7.4680
   -0.9537 7.3750
   -1.3906 7.2250
   -1.7963 7.0221
   -2.1672 6.7707
   -2.5000 6.4749
   -2.7911 6.1387
   -3.0370 5.7665
   -3.2344 5.3624
   -3.3796 4.9304
   -3.4693 4.4749
   -3.5000 4.0000
   -3.4782 3.6143
   -3.4154 3.2403
   -3.3137 2.8804
   -3.1753 2.5369
   -3.0023 2.2121
   -2.7967 1.9084
   -2.5608 1.6282
   -2.2966 1.3739
   -2.0064 1.1478
   -1.6921 0.9522
   -1.3559 0.7895
   -1.0000 0.6621
   -1.0000 -5.3770
   -1.2328 -5.3312
   -1.4656 -5.2758
   -1.6977 -5.2104
   -1.9284 -5.1346
   -2.1572 -5.0481
   -2.3833 -4.9504
   -2.6061 -4.8412
   -2.8250 -4.7200
   -3.0394 -4.5864
   -3.2485 -4.4401
   -3.4517 -4.2806
   -3.6484 -4.1075
   -3.9059 -3.8501
   -4.1508 -3.5671
   -4.3814 -3.2570
   -4.5957 -2.9182
   -4.7918 -2.5493
   -4.9679 -2.1488
   -5.1220 -1.7151
   -5.2523 -1.2469
   -5.3570 -0.7426
   -5.4341 -0.2006
   -5.4817 0.3804
   -5.4980 1.0020
   -5.5056 1.1407
   -5.5315 1.2738
   -5.5744 1.4000
   -5.6330 1.5179
   -5.7060 1.6265
   -5.7922 1.7243
   -5.8904 1.8101
   -5.9992 1.8828
   -6.1174 1.9409
   -6.2437 1.9833
   -6.3768 2.0086
   -6.5156 2.0157
   -6.6510 2.0045
   -6.7805 1.9759
   -6.9031 1.9312
   -7.0176 1.8716
   -7.1228 1.7982
   -7.2175 1.7124
   -7.3005 1.6152
   -7.3707 1.5080
   -7.4269 1.3918
   -7.4680 1.2680
   -7.4928 1.1376
   -7.5000 1.0020
   -7.4792 0.2682
   -7.4182 -0.4319
   -7.3188 -1.0982
   -7.1829 -1.7306
   -7.0124 -2.3292
   -6.8093 -2.8939
   -6.5753 -3.4248
   -6.3124 -3.9218
   -6.0226 -4.3848
   -5.7076 -4.8139
   -5.3693 -5.2091
   -5.0098 -5.5703
   -4.6324 -5.8975
   -4.2408 -6.1913
   -3.8371 -6.4527
   -3.4233 -6.6825
   -3.0015 -6.8818
   -2.5738 -7.0515
   -2.1423 -7.1924
   -1.7090 -7.3057
   -1.2761 -7.3921
   -0.8456 -7.4527
   -0.4195 -7.4883
   0.0000 -7.5000
   0.4203 -7.4882
   0.8470 -7.4522
   1.2781 -7.3910
   1.7114 -7.3038
   2.1450 -7.1897
   2.5767 -7.0477
   3.0044 -6.8770
   3.4262 -6.6766
   3.8399 -6.4457
   4.2434 -6.1833
   4.6347 -5.8885
   5.0117 -5.5605
   5.3708 -5.1986
   5.7086 -4.8028
   6.0232 -4.3733
   6.3126 -3.9100
   6.5751 -3.4131
   6.8086 -2.8826
   7.0114 -2.3186
   7.1816 -1.7211
   7.3172 -1.0902
   7.4164 -0.4261
   7.4773 0.2714
   7.4980 1.0020
   7.4711 1.3218
   7.3680 1.5834
   7.2040 1.7869
   6.9944 1.9322
   6.7543 2.0194
   6.4990 2.0485
   6.2437 2.0194
   6.0036 1.9322
   5.7940 1.7869
   5.6300 1.5834
   5.5269 1.3218
   5.5000 1.0020
   5.4837 0.3842
   5.4359 -0.1938
   5.3586 -0.7334
   5.2536 -1.2360
   5.1230 -1.7030
   4.9684 -2.1359
   4.7919 -2.5362
   4.5954 -2.9052
   4.3807 -3.2444
   4.1497 -3.5552
   3.9043 -3.8392
   3.6465 -4.0976
   3.4497 -4.2714
   3.2464 -4.4316
   3.0373 -4.5787
   2.8230 -4.7130
   2.6042 -4.8349
   2.3815 -4.9448
   2.1556 -5.0432
   1.9271 -5.1304
   1.6966 -5.2068
   1.4648 -5.2727
   1.2324 -5.3287
   1.0000 -5.3750
   1.0000 0.6582
   1.3560 0.7857
   1.6923 0.9485
   2.0067 1.1443
   2.2970 1.3708
   2.5613 1.6255
   2.7972 1.9060
   3.0028 2.2101
   3.1758 2.5353
   3.3142 2.8793
   3.4158 3.2396
   3.4784 3.6140
   3.5000 4.0000
   3.4693 4.4749
   3.3796 4.9304
   3.2344 5.3624
   3.0370 5.7665
   2.7911 6.1387
   2.5000 6.4749
   2.1672 6.7707
   1.7963 7.0221
   1.3906 7.2250
   0.9537 7.3750
   0.4890 7.4680
   0.0000 7.5000
  END
 END
 RING
  LINE
   0.0000 5.5000
   0.2035 5.4863
   0.3988 5.4464
   0.5839 5.3821
   0.7571 5.2952
   0.9166 5.1874
   1.0606 5.0606
   1.1874 4.9166
   1.2952 4.7571
   1.3821 4.5839
   1.4464 4.3987
   1.4863 4.2035
   1.5000 4.0000
   1.4863 3.7965
   1.4464 3.6012
   1.3821 3.4161
   1.2952 3.2429
   1.1874 3.0834
   1.0606 2.9394
   0.9166 2.8126
   0.7571 2.7048
   0.5839 2.6179
   0.3988 2.5536
   0.2035 2.5137
   0.0000 2.5000
   -0.2035 2.5137
   -0.3987 2.5536
   -0.5839 2.6179
   -0.7571 2.7048
   -0.9166 2.8126
   -1.0606 2.9394
   -1.1874 3.0834
   -1.2952 3.2429
   -1.3821 3.4161
   -1.4464 3.6012
   -1.4863 3.7965
   -1.5000 4.0000
   -1.4863 4.2035
   -1.4464 4.3987
   -1.3821 4.5839
   -1.2952 4.7571
   -1.1874 4.9166
   -1.0606 5.0606
   -0.9166 5.1874
   -0.7571 5.2952
   -0.5839 5.3821
   -0.3987 5.4464
   -0.2035 5.4863
   0.0000 5.5000
  END
 END
END
