VERSION 1.0
BOX -7.5000 -7.5000 7.5000 7.5000
POLYGON
 RING
  LINE
   6.5000 6.5000
   6.5000 -5.5000
   -6.5000 -5.5000
   -6.5000 -1.2200
   -6.4984 -1.1847
   -6.4943 -1.1498
   -6.4878 -1.1155
   -6.4789 -1.0818
   -6.4678 -1.0489
   -6.4544 -1.0169
   -6.4388 -0.9859
   -6.4211 -0.9560
   -6.4013 -0.9273
   -6.3795 -0.9001
   -6.3557 -0.8742
   -6.3300 -0.8500
   -3.3300 2.3700
   -3.2760 2.4114
   -3.2184 2.4443
   -3.1579 2.4689
   -3.0954 2.4853
   -3.0317 2.4934
   -2.9678 2.4933
   -2.9043 2.4852
   -2.8422 2.4689
   -2.7824 2.4447
   -2.7255 2.4125
   -2.6726 2.3723
   -2.6244 2.3244
   -2.6049 2.3008
   -2.5869 2.2761
   -2.5706 2.2505
   -2.5558 2.2240
   -2.5427 2.1967
   -2.5313 2.1687
   -2.5217 2.1400
   -2.5137 2.1108
   -2.5076 2.0811
   -2.5032 2.0511
   -2.5007 2.0207
   -2.5000 1.9900
   -2.5000 -1.0100
   0.6600 2.3600
   0.7129 2.4028
   0.7696 2.4373
   0.8294 2.4635
   0.8915 2.4816
   0.9549 2.4914
   1.0188 2.4931
   1.0825 2.4866
   1.1449 2.4720
   1.2054 2.4494
   1.2631 2.4187
   1.3171 2.3800
   1.3666 2.3334
   1.3874 2.3095
   1.4066 2.2844
   1.4241 2.2583
   1.4399 2.2312
   1.4539 2.2032
   1.4661 2.1745
   1.4765 2.1450
   1.4851 2.1149
   1.4917 2.0842
   1.4964 2.0532
   1.4992 2.0217
   1.5000 1.9900
   1.5000 -3.5000
   4.5000 -3.5000
   4.5000 6.5000
   6.5000 6.5000
  END
 END
END
