VERSION 1.0
BOX -7.5000 -7.5000 7.5000 7.5000
POLYGON
 RING
  LINE
   -4.5000 6.5000
   -4.6357 6.4909
   -4.7658 6.4643
   -4.8893 6.4214
   -5.0047 6.3635
   -5.1111 6.2916
   -5.2071 6.2071
   -5.2916 6.1111
   -5.3635 6.0047
   -5.4214 5.8893
   -5.4643 5.7658
   -5.4909 5.6357
   -5.5000 5.5000
   -5.5000 -2.5000
   -5.4909 -2.6357
   -5.4643 -2.7658
   -5.4214 -2.8893
   -5.3635 -3.0047
   -5.2916 -3.1111
   -5.2071 -3.2071
   -5.1111 -3.2916
   -5.0047 -3.3635
   -4.8893 -3.4214
   -4.7658 -3.4643
   -4.6357 -3.4909
   -4.5000 -3.5000
   4.5000 -3.5000
   4.6357 -3.4909
   4.7658 -3.4643
   4.8893 -3.4214
   5.0047 -3.3635
   5.1111 -3.2916
   5.2071 -3.2071
   5.2916 -3.1111
   5.3635 -3.0047
   5.4214 -2.8893
   5.4643 -2.7658
   5.4909 -2.6357
   5.5000 -2.5000
   5.5000 5.5000
   5.4909 5.6357
   5.4643 5.7658
   5.4214 5.8893
   5.3635 6.0047
   5.2916 6.1111
   5.2071 6.2071
   5.1111 6.2916
   5.0047 6.3635
   4.8893 6.4214
   4.7658 6.4643
   4.6357 6.4909
   4.5000 6.5000
   -4.5000 6.5000
  END
 END
 RING
  LINE
   -1.7500 6.0000
   -1.7402 6.0000
   1.7598 6.0000
   1.7937 5.9977
   1.8262 5.9911
   1.8571 5.9804
   1.8860 5.9659
   1.9125 5.9479
   1.9366 5.9268
   1.9577 5.9028
   1.9756 5.8762
   1.9901 5.8473
   2.0008 5.8165
   2.0075 5.7839
   2.0098 5.7500
   2.0075 5.7161
   2.0008 5.6835
   1.9901 5.6527
   1.9756 5.6238
   1.9577 5.5972
   1.9366 5.5732
   1.9125 5.5521
   1.8860 5.5341
   1.8571 5.5196
   1.8262 5.5089
   1.7937 5.5023
   1.7598 5.5000
   -1.7500 5.5000
   -1.7839 5.5023
   -1.8165 5.5089
   -1.8473 5.5196
   -1.8762 5.5341
   -1.9028 5.5521
   -1.9268 5.5732
   -1.9479 5.5972
   -1.9659 5.6238
   -1.9804 5.6527
   -1.9911 5.6835
   -1.9977 5.7161
   -2.0000 5.7500
   -1.9977 5.7839
   -1.9911 5.8165
   -1.9804 5.8473
   -1.9659 5.8762
   -1.9479 5.9028
   -1.9268 5.9268
   -1.9028 5.9479
   -1.8762 5.9659
   -1.8473 5.9804
   -1.8165 5.9911
   -1.7839 5.9977
   -1.7500 6.0000
  END
 END
 RING
  LINE
   -4.0000 4.5000
   -0.5000 4.5000
   -0.5000 0.5000
   -4.0000 0.5000
   -4.0678 0.5046
   -4.1329 0.5179
   -4.1946 0.5393
   -4.2523 0.5683
   -4.3055 0.6042
   -4.3535 0.6465
   -4.3958 0.6945
   -4.4317 0.7477
   -4.4607 0.8054
   -4.4821 0.8671
   -4.4954 0.9322
   -4.5000 1.0000
   -4.5000 4.0000
   -4.4954 4.0678
   -4.4821 4.1329
   -4.4607 4.1946
   -4.4317 4.2523
   -4.3958 4.3055
   -4.3535 4.3535
   -4.3055 4.3958
   -4.2523 4.4317
   -4.1946 4.4607
   -4.1329 4.4821
   -4.0678 4.4954
   -4.0000 4.5000
  END
 END
 RING
  LINE
   0.5000 4.5000
   4.0000 4.5000
   4.0678 4.4954
   4.1329 4.4821
   4.1946 4.4607
   4.2523 4.4317
   4.3055 4.3958
   4.3535 4.3535
   4.3958 4.3055
   4.4317 4.2523
   4.4607 4.1946
   4.4821 4.1329
   4.4954 4.0678
   4.5000 4.0000
   4.5000 1.0000
   4.4954 0.9322
   4.4821 0.8671
   4.4607 0.8054
   4.4317 0.7477
   4.3958 0.6945
   4.3535 0.6465
   4.3055 0.6042
   4.2523 0.5683
   4.1946 0.5393
   4.1329 0.5179
   4.0678 0.5046
   4.0000 0.5000
   0.5000 0.5000
   0.5000 4.5000
  END
 END
 RING
  LINE
   -2.5000 -0.5000
   -2.3643 -0.5091
   -2.2342 -0.5357
   -2.1107 -0.5786
   -1.9953 -0.6365
   -1.8889 -0.7084
   -1.7929 -0.7929
   -1.7084 -0.8889
   -1.6365 -0.9953
   -1.5786 -1.1107
   -1.5357 -1.2342
   -1.5091 -1.3643
   -1.5000 -1.5000
   -1.5091 -1.6357
   -1.5357 -1.7658
   -1.5786 -1.8893
   -1.6365 -2.0047
   -1.7084 -2.1111
   -1.7929 -2.2071
   -1.8889 -2.2916
   -1.9953 -2.3635
   -2.1107 -2.4214
   -2.2342 -2.4643
   -2.3643 -2.4909
   -2.5000 -2.5000
   -2.6357 -2.4909
   -2.7658 -2.4643
   -2.8893 -2.4214
   -3.0047 -2.3635
   -3.1111 -2.2916
   -3.2071 -2.2071
   -3.2916 -2.1111
   -3.3635 -2.0047
   -3.4214 -1.8893
   -3.4643 -1.7658
   -3.4909 -1.6357
   -3.5000 -1.5000
   -3.4909 -1.3643
   -3.4643 -1.2342
   -3.4214 -1.1107
   -3.3635 -0.9953
   -3.2916 -0.8889
   -3.2071 -0.7929
   -3.1111 -0.7084
   -3.0047 -0.6365
   -2.8893 -0.5786
   -2.7658 -0.5357
   -2.6357 -0.5091
   -2.5000 -0.5000
  END
 END
 RING
  LINE
   2.5000 -0.5000
   2.6357 -0.5091
   2.7658 -0.5357
   2.8893 -0.5786
   3.0047 -0.6365
   3.1111 -0.7084
   3.2071 -0.7929
   3.2916 -0.8889
   3.3635 -0.9953
   3.4214 -1.1107
   3.4643 -1.2342
   3.4909 -1.3643
   3.5000 -1.5000
   3.4909 -1.6357
   3.4643 -1.7658
   3.4214 -1.8893
   3.3635 -2.0047
   3.2916 -2.1111
   3.2071 -2.2071
   3.1111 -2.2916
   3.0047 -2.3635
   2.8893 -2.4214
   2.7658 -2.4643
   2.6357 -2.4909
   2.5000 -2.5000
   2.3643 -2.4909
   2.2342 -2.4643
   2.1107 -2.4214
   1.9953 -2.3635
   1.8889 -2.2916
   1.7929 -2.2071
   1.7084 -2.1111
   1.6365 -2.0047
   1.5786 -1.8893
   1.5357 -1.7658
   1.5091 -1.6357
   1.5000 -1.5000
   1.5091 -1.3643
   1.5357 -1.2342
   1.5786 -1.1107
   1.6365 -0.9953
   1.7084 -0.8889
   1.7929 -0.7929
   1.8889 -0.7084
   1.9953 -0.6365
   2.1107 -0.5786
   2.2342 -0.5357
   2.3643 -0.5091
   2.5000 -0.5000
  END
 END
 RING
  LINE
   2.9453 -4.4941
   2.9291 -4.4958
   2.9129 -4.4980
   2.8967 -4.5008
   2.8805 -4.5041
   2.8643 -4.5080
   2.8482 -4.5125
   2.8322 -4.5175
   2.8163 -4.5230
   2.8005 -4.5291
   2.7848 -4.5358
   2.7693 -4.5430
   2.7539 -4.5508
   2.7007 -4.5832
   2.6528 -4.6211
   2.6105 -4.6639
   2.5741 -4.7111
   2.5436 -4.7620
   2.5195 -4.8160
   2.5019 -4.8724
   2.4910 -4.9306
   2.4871 -4.9902
   2.4904 -5.0503
   2.5011 -5.1104
   2.5195 -5.1699
   2.6895 -5.5000
   -2.6895 -5.5000
   -2.5605 -5.2305
   -2.5408 -5.1654
   -2.5302 -5.0998
   -2.5285 -5.0345
   -2.5352 -4.9703
   -2.5500 -4.9078
   -2.5726 -4.8480
   -2.6025 -4.7915
   -2.6396 -4.7391
   -2.6834 -4.6915
   -2.7335 -4.6497
   -2.7897 -4.6142
   -2.8516 -4.5859
   -2.9111 -4.5675
   -2.9712 -4.5568
   -3.0313 -4.5535
   -3.0908 -4.5575
   -3.1491 -4.5683
   -3.2055 -4.5860
   -3.2595 -4.6101
   -3.3104 -4.6405
   -3.3575 -4.6770
   -3.4004 -4.7193
   -3.4383 -4.7671
   -3.4707 -4.8203
   -4.4707 -6.8203
   -4.4758 -6.8348
   -4.4803 -6.8494
   -4.4844 -6.8641
   -4.4880 -6.8789
   -4.4912 -6.8938
   -4.4938 -6.9088
   -4.4960 -6.9238
   -4.4977 -6.9390
   -4.4990 -6.9542
   -4.4998 -6.9694
   -4.5001 -6.9847
   -4.5000 -7.0000
   -4.4954 -7.0678
   -4.4821 -7.1329
   -4.4607 -7.1946
   -4.4317 -7.2523
   -4.3958 -7.3055
   -4.3535 -7.3535
   -4.3055 -7.3958
   -4.2523 -7.4317
   -4.1946 -7.4607
   -4.1329 -7.4821
   -4.0678 -7.4954
   -4.0000 -7.5000
   -3.9553 -7.4977
   -3.9115 -7.4915
   -3.8687 -7.4814
   -3.8273 -7.4676
   -3.7874 -7.4502
   -3.7493 -7.4294
   -3.7132 -7.4054
   -3.6793 -7.3781
   -3.6478 -7.3478
   -3.6190 -7.3147
   -3.5931 -7.2788
   -3.5703 -7.2402
   -3.5703 -7.1895
   -3.5000 -7.1895
   -3.1895 -6.5000
   3.1895 -6.5000
   3.5000 -7.1895
   3.5000 -7.2402
   3.5228 -7.2788
   3.5487 -7.3147
   3.5775 -7.3478
   3.6090 -7.3781
   3.6429 -7.4054
   3.6790 -7.4294
   3.7171 -7.4502
   3.7570 -7.4676
   3.7984 -7.4814
   3.8412 -7.4915
   3.8850 -7.4977
   3.9297 -7.5000
   3.9975 -7.4954
   4.0626 -7.4821
   4.1243 -7.4607
   4.1820 -7.4317
   4.2352 -7.3958
   4.2832 -7.3535
   4.3255 -7.3055
   4.3614 -7.2523
   4.3904 -7.1946
   4.4118 -7.1329
   4.4251 -7.0678
   4.4297 -7.0000
   4.4342 -6.9802
   4.4380 -6.9603
   4.4409 -6.9403
   4.4430 -6.9202
   4.4442 -6.9001
   4.4446 -6.8799
   4.4442 -6.8597
   4.4430 -6.8396
   4.4409 -6.8195
   4.4380 -6.7995
   4.4342 -6.7795
   4.4297 -6.7598
   3.4297 -4.7598
   3.4036 -4.7157
   3.3738 -4.6753
   3.3406 -4.6386
   3.3044 -4.6058
   3.2654 -4.5769
   3.2241 -4.5520
   3.1808 -4.5314
   3.1357 -4.5149
   3.0893 -4.5029
   3.0419 -4.4954
   2.9938 -4.4924
   2.9453 -4.4941
  END
 END
END
