VERSION 1.0
BOX -7.5000 -7.5000 7.5000 7.5000
POLYGON
 RING
  LINE
   -5.0000 6.5000
   -5.0678 6.4954
   -5.1329 6.4821
   -5.1946 6.4607
   -5.2524 6.4317
   -5.3055 6.3958
   -5.3536 6.3536
   -5.3958 6.3055
   -5.4317 6.2524
   -5.4607 6.1946
   -5.4821 6.1329
   -5.4954 6.0678
   -5.5000 6.0000
   -5.5000 5.5000
   -5.5000 -5.5000
   -6.0000 -5.5000
   -6.0678 -5.5046
   -6.1329 -5.5179
   -6.1946 -5.5393
   -6.2524 -5.5683
   -6.3055 -5.6042
   -6.3536 -5.6465
   -6.3958 -5.6945
   -6.4317 -5.7477
   -6.4607 -5.8054
   -6.4821 -5.8671
   -6.4954 -5.9322
   -6.5000 -6.0000
   -6.4954 -6.0678
   -6.4821 -6.1329
   -6.4607 -6.1946
   -6.4317 -6.2523
   -6.3958 -6.3055
   -6.3536 -6.3535
   -6.3055 -6.3958
   -6.2524 -6.4317
   -6.1946 -6.4607
   -6.1329 -6.4821
   -6.0678 -6.4954
   -6.0000 -6.5000
   1.0000 -6.5000
   1.0678 -6.4954
   1.1329 -6.4821
   1.1946 -6.4607
   1.2524 -6.4317
   1.3055 -6.3958
   1.3536 -6.3535
   1.3958 -6.3055
   1.4317 -6.2523
   1.4607 -6.1946
   1.4821 -6.1329
   1.4954 -6.0678
   1.5000 -6.0000
   1.4954 -5.9322
   1.4821 -5.8671
   1.4607 -5.8054
   1.4317 -5.7477
   1.3958 -5.6945
   1.3536 -5.6465
   1.3055 -5.6042
   1.2524 -5.5683
   1.1946 -5.5393
   1.1329 -5.5179
   1.0678 -5.5046
   1.0000 -5.5000
   -0.5000 -5.5000
   -0.5000 -2.5987
   6.2761 1.9542
   6.3299 1.9959
   6.3765 2.0432
   6.4157 2.0954
   6.4475 2.1516
   6.4716 2.2111
   6.4879 2.2730
   6.4962 2.3364
   6.4964 2.4006
   6.4882 2.4647
   6.4716 2.5278
   6.4463 2.5893
   6.4123 2.6481
   6.1334 3.0631
   6.0918 3.1169
   6.0445 3.1635
   5.9923 3.2028
   5.9360 3.2345
   5.8766 3.2586
   5.8147 3.2749
   5.7513 3.2832
   5.6871 3.2834
   5.6230 3.2752
   5.5599 3.2586
   5.4985 3.2333
   5.4396 3.1993
   -0.5000 -0.7915
   -0.5000 5.5000
   0.0000 5.5000
   0.0678 5.5046
   0.1329 5.5179
   0.1946 5.5393
   0.2524 5.5683
   0.3055 5.6042
   0.3536 5.6464
   0.3958 5.6945
   0.4317 5.7476
   0.4607 5.8054
   0.4821 5.8671
   0.4954 5.9322
   0.5000 6.0000
   0.4954 6.0678
   0.4821 6.1329
   0.4607 6.1946
   0.4317 6.2524
   0.3958 6.3055
   0.3536 6.3536
   0.3055 6.3958
   0.2524 6.4317
   0.1946 6.4607
   0.1329 6.4821
   0.0678 6.4954
   0.0000 6.5000
   -5.0000 6.5000
  END
 END
 RING
  LINE
   -4.5000 4.0000
   -4.4954 4.0678
   -4.4821 4.1329
   -4.4607 4.1946
   -4.4317 4.2524
   -4.3958 4.3055
   -4.3536 4.3536
   -4.3055 4.3958
   -4.2524 4.4317
   -4.1946 4.4607
   -4.1329 4.4821
   -4.0678 4.4954
   -4.0000 4.5000
   -2.0000 4.5000
   -1.9322 4.4954
   -1.8671 4.4821
   -1.8054 4.4607
   -1.7476 4.4317
   -1.6945 4.3958
   -1.6464 4.3536
   -1.6042 4.3055
   -1.5683 4.2524
   -1.5393 4.1946
   -1.5179 4.1329
   -1.5046 4.0678
   -1.5000 4.0000
   -1.5000 0.0000
   -1.5046 -0.0678
   -1.5179 -0.1329
   -1.5393 -0.1946
   -1.5683 -0.2524
   -1.6042 -0.3055
   -1.6464 -0.3536
   -1.6945 -0.3958
   -1.7476 -0.4317
   -1.8054 -0.4607
   -1.8671 -0.4821
   -1.9322 -0.4954
   -2.0000 -0.5000
   -4.0000 -0.5000
   -4.0678 -0.4954
   -4.1329 -0.4821
   -4.1946 -0.4607
   -4.2524 -0.4317
   -4.3055 -0.3958
   -4.3536 -0.3536
   -4.3958 -0.3055
   -4.4317 -0.2524
   -4.4607 -0.1946
   -4.4821 -0.1329
   -4.4954 -0.0678
   -4.5000 0.0000
   -4.5000 4.0000
  END
 END
END
