VERSION 1.0
BOX -7.5000 -7.5000 7.5000 7.5000
POLYGON
 RING
  LINE
   -3.5000 5.5000
   -3.9071 5.4729
   -4.2975 5.3941
   -4.6677 5.2671
   -5.0142 5.0953
   -5.3332 4.8824
   -5.6213 4.6318
   -5.8749 4.3472
   -6.0904 4.0320
   -6.2642 3.6897
   -6.3928 3.3239
   -6.4726 2.9381
   -6.5000 2.5359
   -6.5000 -4.5120
   -6.4909 -4.6461
   -6.4643 -4.7746
   -6.4214 -4.8966
   -6.3635 -5.0106
   -6.2916 -5.1157
   -6.2071 -5.2106
   -6.1111 -5.2941
   -6.0047 -5.3651
   -5.8892 -5.4223
   -5.7658 -5.4647
   -5.6357 -5.4910
   -5.5000 -5.5000
   -4.5000 -5.5000
   -4.5000 -1.0539
   -4.4589 -0.4506
   -4.3393 0.1280
   -4.1464 0.6767
   -3.8856 1.1901
   -3.5624 1.6630
   -3.1820 2.0900
   -2.7498 2.4658
   -2.2712 2.7852
   -1.7516 3.0428
   -1.1963 3.2334
   -0.6106 3.3516
   0.0000 3.3922
   0.6106 3.3516
   1.1963 3.2334
   1.7516 3.0428
   2.2712 2.7852
   2.7498 2.4658
   3.1820 2.0899
   3.5624 1.6630
   3.8856 1.1901
   4.1464 0.6767
   4.3393 0.1280
   4.4589 -0.4506
   4.5000 -1.0539
   4.5000 -5.5000
   5.5000 -5.5000
   5.6357 -5.4910
   5.7658 -5.4647
   5.8893 -5.4224
   6.0047 -5.3651
   6.1111 -5.2941
   6.2071 -5.2106
   6.2916 -5.1157
   6.3635 -5.0106
   6.4214 -4.8966
   6.4643 -4.7746
   6.4909 -4.6461
   6.5000 -4.5120
   6.5000 2.5359
   6.4726 2.9381
   6.3928 3.3239
   6.2643 3.6897
   6.0904 4.0320
   5.8749 4.3472
   5.6213 4.6318
   5.3332 4.8824
   5.0142 5.0953
   4.6678 5.2671
   4.2975 5.3941
   3.9071 5.4729
   3.5000 5.5000
   -3.5000 5.5000
  END
 END
 RING
  LINE
   3.5000 -2.5000
   3.5000 -1.5479
   3.4680 -1.0117
   3.3750 -0.4973
   3.2250 -0.0096
   3.0221 0.4468
   2.7707 0.8671
   2.4749 1.2466
   2.1387 1.5807
   1.7665 1.8646
   1.3624 2.0936
   0.9304 2.2630
   0.4749 2.3681
   0.0000 2.4042
   -0.4749 2.3681
   -0.9304 2.2630
   -1.3624 2.0936
   -1.7665 1.8646
   -2.1387 1.5807
   -2.4749 1.2466
   -2.7707 0.8671
   -3.0221 0.4468
   -3.2249 -0.0096
   -3.3750 -0.4973
   -3.4680 -1.0117
   -3.5000 -1.5479
   -3.5000 -5.5000
   3.5000 -2.5000
  END
 END
END
